1001
301
1001
1001
1001
1001
1001
17
1001
1001
1001
1001
62
1001
1001
558
1001
517
1001
1001
1001
1001
1001
1001
42
1001
1001
1001
1001
243
1001
1001
1001
1001
1001
1001
555
1001
1001
110
1001
1001
1001
1001
1001
1001
1001
1001
1001
105
1001
1001
219
28
1001
673
498
1001
1001
1001
1001
1001
243
1001
1001
1001
1001
1001
1001
1001
1001
1001
1001
1001
1001
1001
1001
1001
102
62
277
1001
1001
39
1001
1001
1001
1001
1001
1001
1001
1001
1001
1001
1001
1001
1001
29
28
607
1001
1001
233
1001
1001
1001
44
1001
1001
1001
1001
1001
1001
1001
633
411
46
1001
1001
314
139
1001
52
1001
42
1001
1001
1001
1001
1001
1001
1001
1001
1001
173
24
1001
313
1001
1001
1001
17
133
1001
1001
1001
1001
1001
860
1001
1001
1001
1001
1001
1001
1001
1001
251
1001
1001
1001
479
1001
1001
1001
1001
1001
104
1001
297
1001
1001
1001
868
11
1001
1001
1001
23
1001
1001
88
1001
1001
805
645
1001
1001
1001
1001
1001
1001
1001
1001
1001
1001
1001
679
1001
1001
590
72
732
125
1001
116
1001
41
1001
1001
55
1001
1001
1001
1001
647
1001
189
1001
1001
1001
396
13
1001
1001
1001
656
1001
1001
1001
877
1001
1001
112
1001
1001
1001
256
1001
1001
1001
1001
1001
1001
27
1001
63
859
1001
1001
1001
72
1001
1001
1001
52
1001
1001
1001
667
1001
1001
1001
340
1001
1001
1001
1001
573
1001
1001
1001
130
1001
25
764
1001
1001
1001
19
501
1001
557
500
79
1001
144
224
1001
1001
1001
322
42
629
485
1001
1001
1001
657
1001
1001
1001
1001
1001
1001
1001
1001
1001
1001
1001
1001
964
1001
999
1001
1001
1001
1001
1001
1001
1001
129
1001
1001
1001
35
1001
1001
338
484
755
1001
1001
1001
501
1001
859
1001
1001
225
1001
667
898
1001
1001
485
1001
1001
1001
1001
1001
654
1001
1001
18
1001
768
708
1001
197
1001
106
1001
1001
66
1001
423
1001
323
1001
1001
1001
1001
1001
1001
1001
1001
1001
1001
1001
1001
1001
1001
1001
40
249
1001
1001
1001
1001
1001
1001
42
219
79
1001
287
95
1001
1001
1001
1001
1001
315
1001
1001
89
724
1001
1001
1001
18
1001
1001
1001
1001
1001
1001
1001
1001
1001
109
1001
1001
1001
1001
944
1001
17
1001
1001
932
1001
1001
1001
1001
1001
1001
1001
1001
98
1001
1001
1001
1001
1001
536
219
1001
1001
1001
123
147
1001
1001
285
212
1001
882
1001
1001
1001
707
18
339
1001
1001
1001
744
1001
1001
1001
1001
355
131
1001
1001
230
1001
1001
1001
66
1001
1001
126
1001
1001
1001
1001
1001
1001
635
1001
1001
1001
1001
696
1001
67
1001
1001
25
1001
192
511
1001
1001
67
1001
104
562
236
1001
1001
664
1001
655
1001
1001
1001
1001
58
724
1001
226
1001
1001
28
1001
1001
43
1001
868
1001
1001
1001
1001
1001
1001
1001
228
1001
31
66
1001
121
1001
1001
321
723
1001
63
1001
1001
1001
1001
14
511
1001
1001
127
1001
1001
145
1001
30
1001
1001
675
1001
23
1001
1001
1001
827
78
1001
1001
1001
724
1001
1001
14
1001
1001
1001
1001
815
1001
1001
1001
1001
1001
1001
1001
1001
1001
1001
47
1001
148
1001
1001
224
1001
1001
1001
174
1001
1001
1001
30
1001
1001
1001
1001
1001
1001
1001
415
417
1001
1001
1001
193
1001
1001
1001
80
1001
1001
654
1001
1001
1001
1001
126
1001
1001
1001
143
1001
1001
1001
1001
1001
36
1001
1001
555
1001
1001
639
676
1001
102
1001
1001
1001
1001
1001
12
1001
1001
1001
762
846
1001
1001
336
1001
1001
1001
1001
1001
226
1001
1001
1001
219
1001
1001
1001
1001
1001
1001
1001
1001
1001
1001
327
154
1001
600
1001
25
700
1001
1001
1001
1001
213
71
633
1001
1001
1001
350
635
1001
1001
974
1001
201
1001
10
889
136
1001
1001
65
1001
1001
1001
1001
958
1001
1001
1001
1001
1001
1001
1001
1001
1001
1001
1001
1001
1001
1001
1001
213
1001
1001
1001
1001
44
1001
1001
1001
1001
1001
121
1001
1001
107
1001
1001
1001
15
51
1001
287
1001
1001
1001
1001
1001
1001
1001
194
1001
1001
69
1001
1001
33
1001
1001
1001
40
114
1001
1001
1001
1001
1001
107
1001
507
1001
1001
1001
1001
1001
1001
1001
1001
256
1001
160
1001
1001
1001
1001
1001
1001
1001
1001
1001
882
1001
37
1001
1001
111
588
25
1001
1001
1001
1001
1001
1001
1001
1001
119
729
1001
574
1001
891
1001
1001
1001
1001
36
1001
1001
866
1001
146
1001
1001
1001
299
28
1001
42
756
1001
1001
1001
1001
1001
1001
1001
1001
1001
1001
1001
1001
1001
30
1001
505
1001
680
1001
664
1001
383
265
626
1001
1001
1001
1001
631
79
1001
1001
82
1001
1001
1001
1001
1001
1001
1001
1001
1001
1001
1001
1001
1001
205
1001
1001
1001
1001
1001
1001
1001
1001
1001
1001
1001
1001
1001
1001
63
1001
34
976
1001
1001
780
1001
1001
1001
32
1001
1001
878
26
31
26
1001
39
1001
1001
1001
49
1001
1001
1001
740
1001
1001
1001
1001
1001
1001
261
15
1001
1001
1001
764
1001
1001
1001
1001
1001
1001
1001
1001
472
1001
1001
1001
1001
1001
1001
1001
1001
1001
1001
1001
1001
492
1001
788
24
1001
1001
1001
87
352
1001
537
1001
31
1001
1001
1001
184
384
1001
1001
1001
1001
1001
1001
1001
1001
616
1001
1001
1001
29
1001
1001
843
26
1001
1001
1001
1001
1001
1001
1001
1001
1001
1001
1001
471
1001
83
1001
160
49
641
1001
389
798
1001
1001
1001
1001
1001
1001
1001
210
1001
1001
1001
737
521
140
1001
1001
872
1001
1001
129
1001
1001
1001
1001
1001
1001
1001
1001
1001
1001
1001
307
1001
21
67
1001
1001
1001
1001
1001
1001
73
62
1001
1001
1001
1001
67
1001
1001
649
1001
1001
160
34
1001
642
11
1001
1001
1001
1001
1001
1001
1001
1001
176
1001
25
1001
1001
1001
937
1001
1001
1001
1001
1001
420
1001
1001
1001
1001
1001
1001
1001
1001
1001
1001
1001
27
1001
1001
1001
765
353
1001
424
1001
137
53
1001
1001
42
1001
645
1001
1001
1001
1001
1001
1001
1001
283
734
361
360
394
892
15
79
1001
1001
1001
824
1001
1001
1001
1001
18
1001
1001
1001
1001
1001
1001
47
227
1001
1001
1001
855
553
95
71
870
326
1001
1001
252
1001
1001
1001
1001
320
1001
1001
1001
1001
948
871
1001
1001
197
509
1001
1001
1001
732
1001
1001
1001
1001
1001
1001
1001
1001
1001
1001
1001
1001
1001
1001
1001
1001
1001
605
1001
1001
1001
1001
1001
283
1001
204
100
1001
1001
109
1001
860
555
709
1001
753
1001
1001
270
1001
1001
1001
880
268
1001
1001
1001
1001
1001
1001
1001
1001
1001
1001
1001
1001
1001
1001
1001
141
1001
1001
1001
1001
1001
613
1001
1001
1001
1001
1001
351
1001
1001
1001
1001
883
1001
87
639
1001
1001
64
1001
1001
1001
1001
1001
1001
1001
1001
1001
759
1001
764
1001
14
35
214
1001
1001
1001
539
1001
1001
1001
1001
1001
1001
668
1001
1001
1001
1001
1001
861
1001
1001
112
635
513
1001
152
1001
178
1001
1001
1001
1001
1001
1001
1001
1001
77
1001
1001
1001
14
1001
1001
96
1001
1001
901
1001
1001
10
243
274
1001
1001
1001
1001
1001
31
1001
1001
1001
1001
48
738
763
1001
1001
1001
1001
1001
1001
1001
768
1001
1001
1001
1001
630
1001
1001
1001
1001
1001
1001
1001
387
31
1001
59
1001
1001
1001
1001
282
94
1001
854
1001
1001
1001
508
1001
1001
1001
1001
1001
1001
1001
151
1001
1001
1001
1001
34
1001
1001
1001
1001
1001
1001
1001
1001
963
1001
1001
1001
1001
1001
1001
1001
1001
633
29
1001
1001
1001
1001
1001
1001
1001
31
1001
1001
719
1001
1001
1001
869
1001
873
1001
1001
1001
1001
870
1001
1001
1001
51
873
1001
1001
1001
1001
1001
42
202
1001
108
1001
1001
1001
384
93
1001
1001
867
1001
1001
567
1001
1001
1001
897
377
65
1001
29
1001
1001
1001
1001
1001
1001
1001
159
385
756
1001
1001
1001
1001
567
1001
1001
902
1001
162
1001
1001
1001
1001
1001
787
1001
1001
732
1001
753
1001
1001
1001
886
1001
1001
1001
1001
845
1001
1001
1001
1001
1001
1001
1001
128
1001
733
1001
1001
178
1001
286
1001
1001
1001
552
1001
212
1001
1001
1001
511
99
1001
113
1001
1001
1001
1001
1001
1001
1001
1001
1001
1001
106
1001
462
1001
1001
1001
170
63
1001
82
1001
1001
1001
1001
1001
1001
1001
465
1001
1001
1001
893
1001
1001
1001
1001
1001
1001
1001
469
1001
130
1001
790
1001
61
1001
1001
1001
1001
12
1001
1001
1001
1001
516
1001
1001
221
1001
1001
1001
859
1001
1001
1001
523
1001
1001
629
1001
1001
1001
1001
423
1001
369
1001
1001
1001
1001
261
356
1001
1001
919
1001
571
1001
1001
1001
1001
1001
1001
1001
1001
1001
1001
453
52
1001
16
40
1001
5
294
139
19
1001
277
1001
1001
1001
1001
1001
1001
229
350
1001
1001
1001
1001
1001
24
1001
655
82
1001
1001
35
1001
332
231
859
650
233
1001
1001
227
1001
99
1001
108
1001
1001
1001
1001
173
1001
332
44
1001
7
1001
70
1001
1001
161
1001
1001
1001
1001
1001
1001
1001
28
249
1001
673
1001
1001
58
118
1001
1001
1001
1001
142
1001
1001
1001
554
43
45
1001
464
1001
1001
1001
1001
1001
1001
118
1001
1001
1001
1001
1001
1001
1001
1001
1001
23
190
88
1001
1001
1001
804
1001
1001
1001
853
1001
49
1001
1001
14
1001
1001
1001
1001
26
702
77
105
1001
85
1001
1001
50
449
360
1001
1001
1001
1001
1001
1001
1001
550
1001
1001
1001
1001
1001
1001
204
1001
1001
1001
1001
304
224
1001
1001
56
1001
1001
874
496
1001
1001
1001
1001
1001
1001
416
1001
1001
1001
1001
1001
1001
1001
1001
730
1001
1001
1001
1001
1001
1001
1001
1001
1001
1001
1001
1001
1001
1001
1001
1001
1001
34
1001
1001
1001
39
1001
175
1001
1001
392
1001
118
569
1001
1001
496
1001
1001
1001
1001
1001
656
130
181
644
1001
1001
1001
802
1001
1001
1001
1001
1001
1001
1001
1001
1001
1001
779
1001
1001
1001
1001
1001
1001
628
793
1001
1001
1001
1001
1001
1001
1001
1001
1001
1001
108
115
1001
814
1001
1001
1001
708
1001
1001
884
1001
1001
1001
1001
1001
884
1001
581
1001
1001
1001
1001
1001
890
1001
1001
1001
1001
1001
1001
1001
1001
1001
1001
1001
1001
1001
1001
1001
34
1001
1001
1001
471
1001
1001
1001
1001
1001
1001
1001
508
1001
1001
1001
1001
46
1001
1001
1001
1001
582
1001
1001
1001
1001
1001
1001
279
1001
250
1001
27
148
1001
1001
1001
1001
1001
1001
1001
1001
1001
1001
1001
385
957
1001
1001
718
12
1001
1001
228
1001
1001
1001
1001
1001
1001
1001
429
276
1001
1001
1001
1001
1001
1001
1001
1001
1001
1001
1001
1001
1001
1001
387
1001
1001
68
1001
53
75
1001
1001
669
1001
631
867
1001
1001
1001
1001
1001
1001
1001
1001
1001
110
1001
1001
28
1001
1001
461
266
103
123
1001
1001
1001
853
763
1001
1001
1001
1001
1001
185
1001
1001
1001
1001
971
1001
1001
1001
1001
1001
1001
1001
1001
1001
1001
1001
1001
1001
1001
385
1001
1001
1001
1001
1001
218
1001
91
1001
1001
1001
1001
1001
1001
1001
1001
1001
1001
1001
1001
1001
1001
1001
1001
41
149
1001
1001
1001
1001
1001
1001
1001
51
1001
25
1001
1001
1001
1001
1001
1001
1001
420
404
1001
1001
1001
1001
72
1001
1001
611
239
727
1001
1001
1001
1001
1001
1001
157
1001
1001
1001
94
1001
384
1001
1001
1001
1001
1001
1001
1001
1001
1001
632
1001
1001
476
294
1001
1001
775
1001
1001
451
1001
1001
1001
863
1001
568
1001
83
1001
1001
74
1001
1001
399
269
1001
1001
699
1001
1001
1001
1001
856
1001
1001
1001
1001
225
1001
1001
1001
1001
1001
564
1001
1001
1001
1001
1001
197
1001
1001
565
1001
1001
1001
1001
674
711
1001
721
1001
1001
1001
1001
1001
1001
1001
1001
248
1001
1001
1001
1001
1001
1001
641
723
1001
1001
1001
1001
142
521
1001
1001
1001
1001
1001
1001
1001
1001
1001
1001
1001
1001
331
49
1001
631
859
497
1001
1001
733
1001
1001
1001
1001
1001
1001
138
567
1001
1001
18
1001
112
45
1001
1001
1001
1001
871
1001
1001
1001
1001
1001
1001
32
1001
1001
270
1001
1001
1001
59
1001
1001
43
1001
1001
1001
1001
1001
805
144
1001
1001
79
120
1001
583
1001
1001
1001
1001
1001
626
48
1001
1001
1001
1001
1001
1001
1001
135
1001
1001
1001
559
1001
153
1001
584
80
712
1001
319
1001
1001
1001
1001
1001
1001
257
1001
470
226
1001
1001
501
1001
1001
1001
1001
863
1001
419
1001
1001
1001
133
287
1001
1001
1001
1001
1001
1001
1001
467
1001
1001
1001
1001
126
1001
1001
728
82
1001
657
1001
733
1001
1001
1001
1001
1001
1001
129
1001
1001
1001
1001
1001
1001
80
1001
1001
1001
1001
1001
1001
1001
734
1001
453
496
1001
1001
1001
1001
1001
1001
47
1001
1001
1001
1001
1001
250
1001
1001
1001
60
1001
658
1001
349
1001
1001
1001
1001
47
1001
152
1001
1001
1001
29
1001
180
1001
1001
1001
46
49
332
1001
1001
883
29
1001
104
1001
1001
1001
1001
496
1001
1001
379
93
1001
460
1001
1001
1001
1001
1001
110
1001
1001
62
73
1001
1001
1001
1001
37
1001
1001
1001
1001
1001
1001
557
186
1001
1001
31
1001
1001
1001
1001
1001
1001
1001
28
1001
1001
1001
70
1001
1001
1001
1001
1001
362
1001
1001
1001
1001
1001
1001
1001
18
1001
966
1001
523
1001
146
1001
1001
1001
1001
1001
1001
1001
1001
1001
1001
266
1001
714
1001
1001
1001
1001
35
1001
325
1001
1001
1001
1001
1001
1001
834
535
1001
1001
1001
1001
1001
1001
1001
1001
1001
1001
257
1001
1001
1001
1001
1001
1001
1001
1001
1001
29
1001
1001
1001
1001
1001
1001
1001
1001
1001
1001
1001
1001
130
329
1001
1001
1001
228
1001
1001
1001
627
1001
1001
287
1001
1001
1001
1001
308
1001
994
474
1001
1001
1001
1001
1001
1001
1001
1001
1001
1001
1001
1001
13
1001
299
1001
1001
1001
1001
1001
1001
1001
1001
1001
1001
1001
1001
1001
903
878
628
1001
1001
1001
1001
100
1001
1001
89
1001
109
1001
1001
1001
1001
89
1001
1001
1001
1001
35
1001
1001
1001
1001
32
1001
1001
1001
1001
1001
1001
9
1001
1001
958
1001
504
1001
1001
1001
1001
56
1001
120
1001
396
1001
1001
1001
1001
1001
600
1001
1001
1001
1001
1001
194
1001
1001
1001
1001
1001
1001
1001
1001
169
1001
1001
1001
1001
1001
1001
1001
1001
1001
1001
1001
1001
1001
1001
54
339
1001
1001
1001
1001
1001
1001
53
1001
1001
1001
1001
1001
1001
429
1001
399
1001
30
1001
1001
17
1001
1001
1001
1001
1001
1001
1001
867
144
1001
1001
1001
1001
1001
1001
1001
1001
1001
1001
1001
1001
1001
1001
1001
1001
383
118
456
492
1001
1001
1001
1001
9
1001
1001
1001
52
14
1001
1001
758
1001
10
1001
1001
1001
1001
1001
1001
1001
1001
1001
502
1001
91
1001
101
1001
1001
84
1001
751
1001
1001
1001
1001
784
1001
1001
1001
1001
1001
1001
147
1001
1001
1001
545
1001
1001
1001
1001
1001
1001
877
1001
1001
1001
1001
1001
1001
68
1001
457
1001
1001
1001
1001
575
1001
1001
15
1001
49
1001
1001
39
1001
1001
1001
1001
290
53
1001
1001
1001
748
1001
72
1001
142
1001
1001
286
1001
1001
1001
1001
1001
430
1001
1001
1001
53
1001
1001
1001
1001
748
740
1001
461
1001
1001
1001
1001
1001
1001
1001
226
1001
1001
1001
150
1001
145
1001
1001
1001
62
1001
112
653
1001
1001
1001
1001
1001
589
1001
175
1001
1001
1001
41
1001
1001
88
1001
1001
1001
1001
574
503
73
122
1001
1001
877
755
1001
1001
1001
230
66
1001
1001
1001
1001
1001
1001
1001
1001
1001
1001
1001
1001
1001
1001
1001
1001
130
1001
1001
1001
1001
123
787
1001
1001
250
1001
858
1001
1001
129
327
1001
1001
1001
1001
1001
1001
1001
317
1001
566
1001
1001
1001
1001
1001
1001
1001
1001
1001
172
1001
1001
17
1001
57
1001
566
1001
1001
1001
1001
1001
1001
1001
1001
1001
657
1001
1001
546
1001
1001
1001
1001
215
1001
1001
574
560
1001
9
751
1001
1001
740
1001
445
245
89
231
1001
1001
51
1001
267
1001
247
1001
1001
40
1001
187
45
53
1001
1001
1001
32
15
878
1001
1001
1001
1001
1001
1001
1001
908
1001
1001
602
1001
1001
1001
1001
1001
1001
1001
49
1001
1001
1001
51
1001
153
1001
1001
1001
293
101
1001
1001
419
1001
1001
1001
1001
1001
351
1001
254
1001
1001
1001
1001
208
645
471
130
67
131
1001
1001
1001
1001
1001
1001
1001
737
1001
1001
1001
1001
1001
1001
1001
1001
1001
718
112
1001
1001
1001
1001
264
1001
1001
1001
1001
13
584
1001
1001
741
1001
1001
1001
1001
1001
1001
1001
103
218
103
1001
1001
1001
1001
1001
1001
1001
44
1001
1001
16
185
52
496
803
98
1001
275
1001
1001
1001
1001
1001
1001
213
1001
1001
28
1001
1001
1001
1001
162
1001
639
1001
1001
1001
77
1001
1001
894
1001
1001
1001
746
1001
1001
1001
22
61
1001
1001
1001
1001
65
1001
1001
1001
1001
1001
1001
792
1001
30
741
556
339
1001
1001
1001
1001
223
1001
1001
1001
1001
1001
1001
1001
1001
803
1001
750
1001
1001
1001
60
1001
1001
1001
1001
1001
1001
1001
1001
1001
1001
1001
1001
1001
167
1001
1001
153
154
1001
1001
1001
1001
1001
904
1001
1001
97
1001
1001
33
1001
1001
50
1001
756
1001
1001
73
162
1001
1001
1001
1001
1001
199
1001
1001
1001
890
1001
1001
1001
132
1001
1001
1001
1001
663
1001
1001
1001
1001
69
1001
124
1001
454
1001
1001
1001
1001
1001
360
138
1001
55
1001
1001
1001
1001
1001
33
1001
789
1001
1001
728
48
1001
1001
136
64
1001
1001
1001
73
567
1001
1001
385
1001
1001
1001
1001
1001
1001
1001
1001
101
1001
1001
75
1001
1001
85
1001
56
1001
1001
1001
187
1001
1001
448
1001
1001
1001
1001
1001
1001
884
1001
738
1001
721
82
1001
1001
1001
615
570
1001
66
34
1001
1001
1001
295
1001
1001
1001
739
50
1001
1001
1001
1001
1001
756
1001
1001
1001
1001
1001
285
1001
49
874
1001
1001
1001
1001
1001
1001
1001
1001
1001
1001
1001
1001
1001
1001
1001
1001
1001
480
48
560
1001
1001
27
1001
1001
1001
383
730
643
1001
10
1001
1001
243
1001
1001
1001
745
1001
1001
392
1001
385
1001
34
28
1001
1001
1001
35
747
422
88
1001
1001
1001
1001
1001
747
1001
1001
169
1001
747
589
1001
1001
1001
269
26
1001
1001
1001
1001
1001
1001
198
1001
1001
1001
461
1001
223
1001
970
1001
1001
510
1001
1001
1001
1001
1001
1001
1001
1001
736
35
1001
1001
1001
1001
285
156
1001
1001
554
1001
1001
1001
1001
755
1001
1001
1001
207
1001
738
1001
1001
1001
1001
42
1001
1001
1001
328
148
1001
25
1001
1001
32
1001
1001
129
1001
1001
1001
1001
486
743
1001
5
1001
1001
1001
1001
1001
1001
1001
1001
118
1001
1001
1001
1001
1001
1001
1001
1001
826
1001
155
1001
1001
1001
1001
1001
1001
15
1001
553
1001
15
1001
1001
784
182
1001
1001
1001
1001
1001
293
683
1001
1001
1001
1001
1001
1001
1001
1001
1001
1001
1001
1001
1001
1001
1001
1001
1001
544
104
1001
1001
1001
1001
39
51
126
1001
1001
1001
1001
1001
1001
1001
1001
1001
1001
1001
1001
1001
1001
1001
1001
1001
1001
1001
1001
1001
1001
1001
75
1001
1001
1001
746
1001
1001
1001
1001
672
5
1001
1001
753
1001
1001
1001
1001
1001
1001
5
83
507
1001
1001
138
1001
1001
32
1001
418
917
1001
1001
1001
1001
1001
1001
1001
1001
1001
196
595
1001
1001
1001
1001
1001
1001
1001
1001
1001
449
1001
1001
1001
1001
59
1001
561
83
19
1001
154
1001
1001
1001
870
1001
751
69
1001
1001
1001
71
1001
46
1001
885
48
66
1001
1001
1001
1001
1001
212
1001
1001
84
1001
1001
183
1001
1001
1001
1001
1001
1001
1001
580
710
1001
250
1001
573
1001
1001
1001
1001
788
1001
1001
1001
14
1001
1001
1001
1001
1001
1001
1001
1001
1001
26
1001
1001
1001
1001
193
785
1001
1001
118
307
1001
1001
927
1001
1001
1001
412
1001
1001
744
1001
1001
1001
1001
1001
1001
78
1001
1001
220
1001
1001
1001
293
1001
1001
69
326
611
1001
1001
816
218
1001
1001
151
1001
1001
81
1001
1001
755
512
1001
1001
1001
1001
648
1001
804
1001
348
1001
1001
29
170
1001
1001
1001
1001
1001
7
1001
1001
27
1001
1001
1001
1001
1001
1001
1001
1001
1001
1001
9
1001
455
1001
1001
1001
1001
1001
279
1001
960
1001
1001
29
362
377
148
1001
1001
1001
1001
1001
1001
1001
1001
522
1001
1001
1001
649
228
748
179
1001
1001
1001
1001
328
1001
1001
1001
1001
1001
307
1001
1001
1001
55
1001
1001
1001
1001
1001
1001
1001
1001
1001
1001
1001
1001
1001
110
884
1001
1001
873
1001
889
1001
1001
417
1001
87
1001
1001
1001
1001
1001
67
1001
1001
1001
798
1001
14
14
875
1001
1001
103
1001
1001
1001
728
1001
1001
114
1001
1001
1001
68
1001
1001
634
1001
1001
1001
1001
230
1001
1001
1001
1001
1001
1001
1001
5
1001
25
1001
1001
1001
1001
1001
69
740
1001
1001
1001
1001
1001
1001
1001
1001
1001
1001
1001
1001
1001
1001
1001
1001
813
1001
1001
306
102
1001
1001
14
1001
1001
1001
1001
1001
1001
1001
897
1001
1001
1001
1001
579
1001
691
965
146
1001
475
1001
242
1001
1001
1001
1001
227
1001
379
1001
1001
1001
1001
1001
1001
1001
1001
1001
1001
1001
1001
1001
1001
1001
614
1001
1001
1001
730
1001
1001
1001
1001
1001
1001
1001
1001
1001
1001
1001
1001
806
1001
1001
1001
1001
1001
1001
1001
1001
1001
1001
1001
1001
1001
1001
1001
54
1001
1001
749
57
1001
636
1001
85
1001
1001
1001
501
1001
1001
1001
1001
57
1001
150
1001
1001
1001
1001
1001
1001
1001
1001
1001
270
15
862
1001
1001
1001
1001
1001
854
1001
1001
1001
23
1001
1001
1001
1001
1001
1001
1001
1001
59
891
1001
779
1001
41
484
1001
1001
1001
1001
1001
48
1001
94
694
1001
1001
115
1001
1001
1001
1001
260
68
1001
114
55
230
1001
1001
190
1001
1001
809
1001
1001
524
1001
1001
1001
31
1001
1001
426
502
1001
892
1001
560
859
1001
1001
33
1001
147
1001
1001
1001
1001
1001
1001
1001
1001
1001
1001
1001
1001
874
890
1001
1001
1001
449
1001
875
1001
1001
1001
1001
84
1001
12
1001
1001
808
1001
1001
1001
1001
1001
120
1001
1001
1001
175
1001
207
567
1001
1001
354
1001
1001
1001
1001
1001
11
423
1001
1001
1001
117
13
1001
1001
1001
1001
1001
729
1001
6
1001
429
1001
1001
1001
1001
1001
455
1001
83
1001
1001
1001
1001
1001
1001
1001
1001
1001
1001
764
1001
641
659
1001
1001
899
1001
500
423
1001
1001
1001
1001
547
900
747
1001
168
1001
1001
1001
1001
1001
1001
1001
1001
1001
1001
1001
1001
18
556
1001
1001
867
1001
1001
1001
1001
1001
420
1001
1001
1001
1001
1001
300
123
325
352
1001
1001
1001
1001
10
1001
1001
662
604
430
53
71
1001
1001
1001
1001
1001
211
1001
203
1001
1001
1001
1001
1001
102
1001
1001
326
1001
1001
1001
1001
64
1001
1001
1001
1001
1001
65
1001
1001
874
1001
243
30
1001
1001
1001
1001
840
1001
905
1001
17
1001
1001
1001
1001
1001
870
1001
1001
856
1001
1001
333
1001
1001
1001
1001
1001
1001
301
91
1001
1001
1001
7
1001
1001
650
1001
145
1001
1001
1001
1001
1001
1001
1001
882
10
1001
1001
873
1001
53
1001
1001
1001
47
1001
34
45
1001
1001
1001
1001
1001
1001
1001
1001
1001
1001
1001
117
1001
1001
1001
31
1001
1001
308
1001
1001
26
97
1001
1001
1001
1001
30
700
1001
28
181
1001
1001
1001
214
1001
24
90
43
1001
1001
1001
1001
202
1001
577
758
1001
1001
1001
1001
1001
1001
155
868
1001
1001
1001
1001
1001
1001
1001
120
1001
1001
1001
1001
1001
1001
1001
64
1001
1001
1001
1001
224
1001
1001
1001
1001
652
1001
1001
1001
1001
1001
1001
1001
1001
1001
1001
9
1001
1001
1001
1001
1001
141
1001
1001
1001
1001
1001
1001
1001
1001
1001
417
1001
71
506
11
1001
886
1001
75
1001
393
1001
1001
117
1001
1001
1001
1001
1001
1001
1001
329
1001
1001
1001
650
1001
1001
48
635
1001
468
1001
1001
1001
1001
1001
1001
1001
1001
1001
1001
1001
1001
1001
1001
1001
1001
1001
1001
1001
1001
1001
1001
102
1001
51
1001
1001
1001
1001
1001
548
1001
68
1001
997
1001
1001
1001
1001
1001
1001
1001
1001
1001
99
1001
512
1001
1001
1001
46
275
1001
1001
1001
1001
1001
18
1001
1001
1001
1001
1001
39
1001
17
1001
1001
1001
1001
1001
1001
1001
65
1001
67
1001
627
1001
566
1001
565
1001
1001
1001
1001
1001
381
1001
737
1001
1001
1001
1001
1001
1001
1001
1001
1001
1001
1001
852
1001
1001
735
1001
1001
28
808
387
107
455
39
1001
1001
1001
1001
211
1001
1001
104
1001
1001
1001
1001
240
1001
576
1001
1001
70
260
217
1001
1001
1001
1001
29
1001
896
1001
1001
71
1001
1001
1001
1001
1001
1001
164
1001
1001
412
1001
1001
1001
1001
1001
18
1001
1001
1001
1001
298
1001
644
1001
286
1001
1001
1001
1001
1001
1001
1001
1001
1001
29
133
1001
1001
1001
1001
1001
887
1001
329
1001
99
1001
1001
1001
318
412
418
1001
1001
65
1001
1001
1001
1001
1001
1001
65
1001
1001
117
1001
1001
1001
1001
1001
1001
1001
1001
1001
1001
1001
1001
1001
207
59
52
1001
1001
1001
639
1001
1001
1001
1001
1001
1001
1001
699
1001
365
1001
1001
109
1001
1001
1001
1001
1001
1001
507
1001
1001
1001
1001
759
1001
1001
1001
1001
1001
113
1001
1001
1001
1001
1001
1001
1001
145
1001
1001
980
1001
512
1001
1001
310
1001
744
1001
812
1001
1001
1001
1001
386
1001
1001
25
1001
1001
1001
129
563
1001
1001
1001
1001
297
1001
1001
1001
1001
63
744
1001
685
186
1001
1001
1001
1001
460
1001
1001
1001
1001
1001
1001
1001
1001
1001
1001
1001
1001
1001
1001
1001
1001
1001
449
1001
327
1001
643
1001
1001
1001
1001
1001
147
1001
1001
1001
1001
71
1001
1001
80
1001
1001
1001
1001
1001
1001
1001
1001
232
1001
1001
1001
1001
1001
288
29
863
1001
23
1001
51
1001
996
646
495
1001
236
1001
1001
1001
904
638
1001
111
1001
1001
1001
691
126
736
1001
1001
62
1001
1001
1001
1001
1001
1001
1001
1001
1001
925
1001
1001
1001
1001
1001
221
1001
1001
1001
1001
642
666
1001
1001
1001
162
1001
1001
279
1001
1001
1001
1001
1001
1001
1001
1001
1001
1001
1001
1001
1001
752
1001
1001
1001
1001
1001
1001
