53
1001
1001
1001
1001
1001
1001
1001
1001
1001
1001
1001
1001
1001
1001
1001
1001
108
1001
1001
0
36
58
1001
1001
22
15
49
1001
38
34
15
0
48
19
1001
1001
1001
0
62
25
1001
1
1001
1001
0
1001
1001
1001
1001
1001
5
69
7
1001
1001
31
13
1001
1001
1001
1001
1001
1001
1001
55
1001
1001
1001
1001
1001
1001
1001
1001
1001
1001
1001
1001
47
16
42
1001
1001
52
1001
78
1001
1001
1001
157
1001
0
1001
1001
1001
28
1001
1001
1001
28
1001
53
7
30
1001
1001
1001
1001
1001
1001
1001
139
1001
73
53
1001
1001
1001
1001
1001
1001
1001
1001
1001
1001
1001
1001
1001
1001
1001
1001
1001
1001
47
0
179
1001
1001
1001
1001
214
1001
1001
1001
1001
1001
1001
1001
1001
1001
1001
1001
1001
1001
1001
35
76
1001
1001
8
23
23
6
1001
1001
60
65
1001
80
1001
1001
1001
1001
1001
1001
47
10
22
1001
1001
1001
1001
1001
86
1001
0
1001
219
27
59
1001
1001
1001
28
57
1001
8
1001
1001
1001
1001
1001
7
28
36
1001
1001
1001
1001
1001
1001
1
1
20
0
42
1001
1001
1001
1001
1001
1001
55
5
31
1001
1001
1001
92
79
1001
1001
113
1001
1001
1001
24
84
1001
5
5
15
5
17
1001
1001
1001
56
1001
18
1001
1001
4
1
42
1001
1001
31
1001
1001
1001
43
12
25
1001
1001
33
0
1001
1001
99
1001
112
1001
1001
27
0
93
81
1001
1001
1001
28
1001
1001
1001
1001
1001
1001
1001
27
0
1001
1001
1001
1001
31
10
1001
1001
0
1001
1001
157
1001
1001
7
29
1001
1001
1001
1001
1001
1001
1001
1001
1001
1001
1001
1001
1001
22
70
79
1001
1001
51
1001
1001
1001
1001
8
1001
1001
1001
1001
1001
1001
1001
1001
1001
1001
1001
1001
1001
1001
1001
4
1001
1001
1001
1001
1001
33
1001
1001
1001
1001
1001
57
1001
50
1001
1001
1001
1001
1001
1001
1001
50
0
127
1001
1001
64
1001
1001
1001
1001
1001
38
0
1001
162
1001
1001
1001
1001
1001
1001
1001
1001
170
1001
1001
1001
1001
10
29
1001
1001
1001
1001
1001
1001
1001
1001
1001
180
1
4
0
42
1001
1001
1001
1001
1001
1001
1001
1001
1001
1001
1001
1001
1001
1001
11
7
1001
10
1001
1001
71
1001
1001
27
1001
1001
1001
1001
1001
1001
52
1001
1001
1001
60
1001
176
1001
42
0
107
1001
45
1001
48
0
180
1001
1001
1001
1001
1001
1001
1001
1001
1001
1001
12
21
1001
1001
1001
105
1001
1001
1001
74
60
1001
21
13
1001
1001
1001
1001
1001
1001
1001
1001
1001
1001
1001
1001
1001
1001
1001
77
1001
0
1001
2
2
34
0
58
0
82
1001
82
1001
1001
1001
1001
16
4
0
1001
1001
154
1001
30
1001
1001
21
1001
1001
34
1001
1001
1001
1001
1001
1001
1001
1001
1001
19
1001
78
1001
1001
1001
1001
1001
1001
1001
1001
1001
1001
1001
1001
1001
1001
1001
1001
1001
1001
1001
1001
1001
1001
97
77
1001
1001
1001
1001
1001
1001
1001
1001
47
1001
69
1001
1001
1001
1001
1001
1001
1001
1001
1001
1001
1001
5
1001
1001
1001
1001
32
15
1001
1001
8
74
1001
1001
1001
1001
1001
11
16
1001
1001
1001
1001
19
1001
1001
1001
0
74
15
51
0
1001
1001
1001
1001
52
0
1001
1001
1
1
1001
1001
0
1001
0
1001
1001
1001
0
1001
1001
1001
1001
1001
1001
46
4
1001
1001
4
1001
1001
1001
1001
61
1001
1001
1001
1001
1001
3
23
1001
1
0
68
32
2
1001
1001
20
77
81
1001
1001
1001
1001
1001
1001
1001
1001
1001
1001
1001
1001
1001
1001
0
1001
1001
17
1001
1001
1001
1001
1001
1001
1001
1001
1001
1001
1001
0
1001
1001
1001
1001
1001
1001
1001
1001
174
1001
1001
1001
1001
0
1001
1001
1001
1001
1001
1001
1001
1001
1001
1001
11
1
20
1001
10
8
1001
41
33
19
0
1001
1001
1001
1001
1001
1001
1001
1001
1001
1001
1001
1001
1001
87
1001
9
1001
1001
12
1001
1001
40
30
1001
1001
0
174
118
1001
218
1001
1001
1001
1001
1001
1001
1001
16
1001
23
1001
1001
1001
1001
1001
1001
1001
1001
1001
1001
1001
0
1001
1001
1001
1001
18
11
1001
1001
1001
1001
1001
1001
1001
1001
1001
21
0
102
1001
1001
1001
1001
121
1001
1001
1001
1001
1001
0
1001
1001
1001
1001
1001
1001
1001
1001
1001
1001
1001
1001
1001
1001
1001
1001
1001
1001
34
1001
1001
1001
12
26
26
9
1001
1001
1001
32
17
1001
1001
1001
1001
1001
1001
200
1001
1001
1001
1001
0
252
1001
1001
1001
1001
1
24
21
1001
63
0
1001
1001
1001
1001
1001
1001
1001
67
1001
1001
1001
1001
2
0
30
17
1001
1001
30
1001
1001
1001
1001
1001
1001
24
85
83
1001
1001
1001
1001
1001
1001
1001
1001
10
3
0
1001
1001
1001
32
17
1001
1001
1001
132
112
1001
1001
210
1001
1001
64
0
159
1001
1001
1001
1001
1001
1001
1001
1001
1001
1001
1001
1001
1001
1001
1001
1001
1001
79
14
1001
0
1001
1001
1001
86
1001
18
0
1001
1001
2
1001
5
1001
1001
1001
83
123
1001
1001
1001
1001
49
1001
1001
1001
1001
1001
1001
1001
1001
1001
1001
1001
1001
1001
2
8
25
33
9
1001
102
0
1001
9
0
148
1001
1001
1001
1001
1001
0
122
1001
1001
0
1001
1001
1001
1001
1001
58
39
1001
1001
1001
1001
1001
1001
1001
1001
18
0
19
1001
1001
1001
1001
1001
153
1001
1001
0
24
44
6
13
1001
1001
1001
67
1001
1001
1001
1001
1001
1001
1001
39
1001
1001
33
20
19
0
1001
1001
91
0
1001
1001
1001
1001
1001
1001
1001
21
1001
75
1001
1001
1001
26
53
1001
1001
1001
110
1001
1001
1001
127
1001
1001
1001
83
3
69
1001
1001
1001
2
67
1001
1001
1001
1001
1001
126
1001
0
1001
1001
1001
1
27
27
1001
1001
70
1001
1001
1001
1001
1001
1001
1001
1001
82
0
1001
1001
38
15
21
1001
1001
1001
99
6
1001
1001
1001
1001
1001
1001
1001
1001
1001
1001
7
99
1001
1001
1001
1001
1001
1001
1001
1001
1001
1001
1001
1001
1001
1001
52
1001
1001
1001
1001
1001
1001
1001
1001
1001
1001
1001
1001
1001
1001
1001
78
1001
1001
0
1001
1001
1001
1001
1001
1001
1001
1001
1001
1001
1001
1001
0
57
28
1001
1001
1001
84
1001
1001
1001
1001
1001
1001
1001
1001
1001
1001
1001
1001
1001
1001
1001
1001
1001
1001
1001
1001
1001
1001
1001
1001
1001
1001
1001
1001
1001
0
1001
1001
5
1001
1001
166
1001
1001
1001
1001
1001
19
79
79
1001
1001
1001
1001
1001
57
0
1001
0
70
2
36
0
1001
1001
1001
1001
1001
1001
1001
1001
32
8
1001
1001
1001
1001
42
1001
0
282
1001
1001
85
1001
58
1001
1001
1001
12
1001
1001
1001
1001
1001
1001
11
8
1001
1001
1001
1001
1001
1001
30
87
1001
1001
1001
1001
1001
52
2
31
1001
1001
1001
239
1001
1001
25
1001
1001
1001
1001
1001
1001
1001
1001
1001
1001
1001
1001
1001
1001
1001
1001
85
1001
40
6
39
1001
1001
1001
1001
52
1001
1001
1001
1001
1001
1001
1001
7
1001
129
1001
1001
112
1001
20
81
1001
0
1001
1001
1001
1001
1001
1001
1001
1001
1001
1001
1001
1001
1001
1001
1001
1001
1001
1001
292
1001
1001
1001
1001
1001
1001
33
24
1001
1001
1001
1001
49
39
1001
1001
1001
1001
1001
1001
0
176
1001
1001
1001
1001
1001
1001
1001
1001
1001
1001
1001
1001
1001
65
1001
1001
1001
19
12
1001
0
1001
1001
12
1001
4
32
23
1001
1001
1001
30
1001
9
1
1001
1001
1001
1001
1
65
1001
1001
31
71
1001
1001
1001
1001
1001
1001
1001
96
0
1001
95
1001
1
27
26
1001
1001
1001
1001
0
1001
1001
1001
0
32
3
16
1001
1001
1001
57
48
1001
1001
1001
1001
1001
109
97
1001
49
0
130
1001
1001
1001
1001
1001
1001
1001
1001
181
0
1001
1001
1001
1001
1001
1001
1001
1001
72
1001
1001
1001
1001
1001
287
1001
66
0
154
1001
1001
1001
1001
1001
1001
1001
1001
1001
21
22
5
14
1001
1001
1001
1001
1001
3
7
4
15
1001
1001
1001
90
16
1001
1001
1001
292
1001
1001
1001
1001
1001
1001
149
34
1001
22
1001
1001
1001
1001
1001
85
1001
1001
1001
1001
32
1001
1001
1001
80
1001
1001
1001
1001
1001
58
1001
1001
2
1
20
1001
1001
1001
1001
1001
1001
30
1001
1001
1001
1001
1001
1001
1001
1001
1001
1001
1001
1001
1001
1001
1001
1001
1001
1001
5
1001
1001
1001
1001
1001
1001
1001
0
1001
1001
1001
9
0
1001
1001
1001
1001
1001
1001
1001
1001
1001
1001
22
1001
1001
1001
0
163
0
1001
110
1001
1001
1001
1001
1001
1001
59
4
34
1001
1001
1001
1001
1001
1001
1001
1001
1001
42
5
31
1001
1001
1001
1001
1001
1001
1001
1001
1001
1001
1001
1001
1001
1001
1001
1001
1001
1001
1001
1001
1001
1001
1001
54
8
34
1001
1001
1001
1001
1001
1001
162
1001
1001
1001
1001
1001
1001
200
1001
59
1001
1001
1001
1001
1001
95
1001
1001
57
0
146
1001
1001
1001
1001
1001
1001
1001
1001
1001
1001
45
9
19
1001
27
1001
1001
134
1001
1001
0
184
1001
1001
1001
1001
1001
1001
73
0
1001
33
1001
51
1001
73
0
144
1001
1001
3
54
35
4
1001
1001
1001
1001
1001
1001
1001
1001
1001
2
22
11
0
1001
1001
1001
1001
172
1001
1001
1001
1001
1001
1001
0
31
1001
63
1001
1001
1001
0
1001
1001
1001
3
7
0
44
1001
0
179
1001
1001
92
1001
1001
1001
1001
1001
1001
1001
1001
1001
1001
1001
1001
1001
1001
1001
1001
1001
1001
1001
1001
1001
54
1
1001
94
0
112
1001
1001
1001
0
1001
1001
1001
1001
1001
1001
19
1001
53
130
1001
1001
1001
115
1001
1001
1001
1001
0
39
14
1001
1001
1001
1001
89
0
1001
2
1001
20
1001
16
1
1001
1001
1001
1001
1001
1001
1001
8
1001
1001
1001
1001
1001
1001
1001
1001
1001
1001
1001
174
1001
1001
1001
1001
1001
1001
1001
1001
1001
1001
32
1001
1001
1001
1001
1001
1001
1001
1001
1001
1001
1001
1001
1001
1001
141
0
1001
1001
1001
1001
1001
1001
1001
1001
1001
1001
116
1001
4
1001
1001
1001
1001
1001
1001
1001
19
10
103
1001
1001
1001
1001
1001
1001
1001
1001
1001
47
1001
83
1001
18
2
1001
1001
1001
1001
1001
5
15
1001
1001
1001
5
62
8
1001
0
145
47
1001
29
133
1001
1001
1001
1001
1001
1001
1001
1001
1001
1001
1001
1001
1001
1001
1001
1001
1001
1001
1001
1001
1001
1001
25
53
1001
1001
56
0
117
1001
1001
13
1001
59
1001
1001
1001
31
7
12
1001
1001
1001
1001
1001
1001
1001
1001
13
1001
26
15
12
0
102
1001
1
1001
1001
1001
1001
0
1001
1001
1001
1001
1001
1001
1001
1001
1001
1001
1001
0
113
1001
1001
1001
1001
1001
17
1001
1001
1001
25
1001
5
71
1001
1001
214
1001
1001
1001
1001
24
1001
1001
1001
1001
1001
1001
0
253
1001
1001
1001
1001
1001
1001
9
4
0
1001
1001
12
1001
1001
1001
1001
1001
1001
1001
1001
1001
1001
1001
1001
5
25
15
0
1001
44
2
1001
1001
1001
1001
1001
1001
1001
137
1001
1001
1001
106
1001
1001
1001
1001
1001
1001
1001
58
1001
1001
114
98
1001
1001
1001
1001
1001
1001
1001
1001
46
1001
1001
1001
1001
1001
1001
1001
1001
1001
1001
1001
1001
1001
1001
1001
1001
1001
0
1001
1001
1001
1001
0
1001
1001
1001
1001
1001
1001
1001
1001
1001
1001
1001
1001
1001
1001
1001
1001
1001
1001
32
25
1001
1001
1001
1001
1001
1001
1001
1001
1001
1001
0
1001
1001
1001
1001
1001
1001
1001
1001
1001
1001
1001
1001
1001
1001
1001
1001
1001
8
65
1001
1001
0
267
1001
1001
8
1001
1001
1001
1001
1001
1001
1001
1001
1001
1001
1001
1001
1001
1001
1001
1001
1001
1001
1001
1001
19
1001
1001
1001
1001
1001
1001
1001
1001
1001
1001
11
1001
1001
1001
1001
0
35
59
1001
1001
1001
1001
1001
1001
10
1001
1001
1001
1001
1001
1001
1001
1001
1001
1001
109
1001
1001
1001
1001
1001
1001
1001
1001
1001
1001
1001
1001
1001
1001
9
2
16
1001
1001
1001
1001
44
1001
1001
1001
1001
1001
1001
1001
1
1001
1001
164
1001
1001
35
1001
57
81
1001
7
1001
1001
1001
1001
7
8
0
1001
1001
1001
1001
1001
1001
0
156
1001
1001
1001
228
1001
1001
1001
1001
1001
35
0
1001
17
4
1001
1001
1001
1001
1001
1001
1001
1001
1001
81
1001
1001
1001
4
25
1001
1001
1001
0
72
9
43
0
113
1001
1001
98
1001
1001
1001
98
1001
1001
1001
197
1001
13
1001
1001
1001
20
20
1001
1001
1001
1001
1001
1001
1001
