9
23
22
7
2
62
9
10
78
1001
112
1001
0
1001
10
21
1001
48
37
23
101
6
8
9
1001
85
41
21
35
70
2
68
21
0
67
23
42
8
32
6
6
29
1001
1
42
122
1001
1001
9
3
1
8
1001
25
68
7
1
11
0
1001
71
7
28
1001
1
1001
1001
1
1
2
1
4
28
0
118
1001
3
7
5
1001
7
1001
1001
39
74
43
1
67
120
12
2
7
27
24
18
0
69
1001
135
4
4
7
1001
89
18
69
85
3
16
10
1
1001
1
24
1001
41
12
27
37
7
9
34
1
0
1001
1001
1001
29
17
0
114
1001
1001
101
64
38
48
1001
27
17
4
1001
42
1001
96
0
105
22
4
27
1001
21
1001
11
19
19
10
3
42
20
15
20
8
0
1001
1001
7
2
160
1001
9
10
1001
31
76
25
24
22
5
45
47
47
1
1
9
45
0
1001
0
67
2
8
9
1001
13
21
18
11
20
40
1001
16
1001
1001
1001
31
14
8
73
4
4
1
44
15
22
10
31
14
9
99
1
49
1001
77
56
8
45
15
1001
59
36
22
12
14
1001
54
43
1001
2
1001
17
28
14
1001
1001
31
0
173
79
35
82
2
15
55
31
1
24
11
58
36
1001
1001
48
1001
6
1001
40
4
1001
24
180
7
30
1001
13
4
1
9
12
19
1001
8
11
21
7
3
28
54
34
13
22
10
67
35
37
2
9
94
21
48
1001
0
376
50
72
21
1
37
12
10
42
80
45
1
78
93
1
55
0
1001
31
105
18
11
1001
1001
4
52
87
3
3
64
1001
0
450
45
48
29
99
28
22
84
34
1001
4
63
91
22
145
33
20
8
9
26
36
1
6
56
1001
39
15
0
242
14
3
13
2
10
46
28
47
0
1001
1001
1001
0
260
21
31
29
20
6
18
1001
24
1001
95
14
0
167
36
100
6
3
10
1001
2
9
1001
1001
33
2
8
93
1001
1001
9
38
43
111
29
31
14
8
3
1001
0
200
98
1001
1001
1001
21
84
8
1001
67
30
7
3
1001
20
37
6
1001
1
1
1
1001
1001
27
1001
3
0
99
4
31
9
5
21
2
6
11
44
9
1
32
39
51
11
98
7
49
15
2
1
1001
25
2
0
148
52
1
10
35
96
1001
1
36
1
1001
0
82
3
0
97
4
1001
13
0
69
38
22
10
1
1
38
1001
1001
121
1001
1
41
8
1
64
31
33
0
151
20
4
1001
1001
7
3
11
8
21
6
1
15
19
1001
34
65
2
100
1
1001
1001
99
51
1
42
39
4
64
1001
16
0
222
80
42
55
1001
93
36
19
4
3
35
14
18
4
0
66
28
1001
1001
30
1001
9
1
0
1001
74
32
0
93
33
1001
1001
1001
1001
71
15
30
34
53
17
1001
0
1001
26
1001
46
40
9
33
17
8
1001
35
8
18
2
24
1
13
1001
1001
34
81
4
0
137
0
1001
1001
37
29
1001
1
104
4
1001
180
73
3
1001
36
41
11
16
7
50
15
20
1001
20
7
4
10
53
34
23
2
9
24
25
1
41
8
1001
17
19
32
3
1
3
2
1
6
8
1
1
51
0
115
1001
10
1001
9
62
1001
1001
28
52
1001
10
0
1001
64
41
9
1001
54
16
6
51
49
29
28
33
35
15
8
1001
46
2
1001
1
8
46
16
58
84
3
12
1001
20
49
19
18
30
48
21
0
204
81
1001
38
52
49
0
1001
23
9
24
33
17
27
56
48
80
35
1
0
147
42
11
1
1001
23
97
32
12
50
46
35
5
79
1001
20
59
13
4
6
0
1001
108
32
13
5
101
2
26
9
5
4
41
24
1001
1001
1001
38
1001
1001
23
27
10
1
25
31
4
36
6
1001
1001
81
13
25
14
24
11
3
20
1
38
1001
1001
1001
1001
102
34
35
67
69
53
10
0
1001
1
1001
1001
1001
12
1001
1001
3
14
39
1001
1001
30
1001
53
28
0
116
1001
48
41
0
31
1001
11
1001
7
68
70
2
1001
41
1001
1001
1
63
14
1001
6
4
0
1001
2
1001
27
1001
18
10
19
18
6
1
41
17
18
6
7
1
1001
3
7
6
1001
3
14
50
51
6
1001
45
0
164
60
30
1
1
50
76
34
1
27
81
37
75
7
37
92
52
18
19
69
26
96
23
55
70
1001
52
15
1001
61
68
9
16
49
14
2
41
44
1001
116
128
75
39
6
5
1001
1001
1
10
0
1001
34
75
79
12
1
3
1001
17
1001
1001
1001
1001
1001
5
1
51
3
1001
3
1001
15
3
31
1
10
18
5
71
149
3
1001
11
7
0
1001
1001
28
1
1001
6
31
46
20
28
22
21
1001
1001
1
0
1001
10
0
67
33
11
13
18
0
106
1001
39
32
3
1001
6
59
77
2
1001
24
54
1001
28
7
58
22
1001
7
19
4
5
27
1001
17
49
1001
1001
51
15
73
81
122
1001
12
6
21
10
1001
61
1
56
14
9
1001
0
1001
9
18
11
19
4
0
92
2
25
1001
51
76
33
12
3
1001
14
1001
122
8
27
11
7
1001
1001
1001
8
85
0
143
1001
9
1001
38
23
1001
2
37
59
30
16
4
1001
1001
24
85
12
1001
77
1
7
1001
20
3
16
0
209
212
74
1
12
22
1001
1001
42
51
1001
28
33
12
51
82
48
1
8
106
51
27
28
19
64
30
23
1001
34
9
8
0
1001
23
1
1001
1
5
9
1001
10
55
1001
32
1001
22
3
6
36
15
17
5
1
6
29
1001
0
1001
4
50
52
42
7
1001
21
22
1001
22
1001
6
94
17
46
30
26
20
12
4
6
7
1001
35
1001
18
19
3
2
1001
3
23
45
30
12
24
48
18
5
5
1001
1
8
59
6
47
22
10
0
192
32
18
0
120
120
122
0
144
6
1001
26
3
6
5
38
21
1001
0
1001
26
1001
5
1001
4
21
0
1001
12
103
14
1
23
4
19
67
1
21
1001
38
2
22
0
233
1001
10
47
5
64
58
42
29
19
31
152
1001
14
35
1001
4
39
133
45
1001
13
1001
10
1001
5
1001
1001
6
1
44
1
4
1001
114
44
81
3
1
8
3
77
10
16
13
7
0
1001
37
74
6
0
305
1001
44
11
1
0
1001
6
26
8
9
1001
1001
8
8
28
15
23
17
35
24
1
1001
42
1001
83
54
2
1001
76
17
0
237
1001
25
1001
32
1001
40
13
12
0
1001
12
65
20
81
0
374
8
6
1
3
3
1001
121
1001
0
122
0
120
120
144
8
1001
1001
28
5
30
54
1001
58
10
1001
9
1001
104
7
5
0
378
1001
2
1001
4
24
10
14
1
34
65
97
1001
5
1
88
0
30
1001
1001
11
1001
0
108
14
0
94
16
2
1001
23
3
1001
44
14
78
113
24
54
12
81
1001
2
1001
15
47
1
25
0
106
7
9
9
0
267
7
1001
79
49
78
7
54
24
79
9
2
1001
49
1
4
35
55
91
102
12
18
53
5
35
36
16
2
1001
52
1
0
1001
10
26
57
31
11
4
1001
18
8
94
9
4
24
15
18
0
1001
2
12
47
31
19
1
1001
21
7
29
0
1001
5
26
13
13
23
35
22
1
1001
1001
4
28
24
15
25
31
1001
76
68
33
12
1
18
24
5
17
43
42
1001
20
12
1001
43
4
1
13
0
1001
11
5
127
31
1
6
5
1
10
17
1001
28
65
78
9
1001
1001
80
2
10
52
31
23
1001
31
1001
15
61
2
3
3
14
7
31
0
379
12
11
33
11
49
3
6
74
1001
139
89
7
14
57
44
66
35
25
1001
140
24
29
7
6
2
18
22
1001
1001
1001
1001
37
2
3
53
33
1001
1
1001
48
11
12
63
40
4
41
1
62
2
62
26
0
209
4
28
1001
5
197
1001
6
7
1
1001
30
7
3
42
36
1
17
6
62
32
35
1
2
45
0
143
13
0
199
8
44
4
74
5
1001
34
26
5
4
32
22
20
5
9
1
1001
23
8
5
34
1001
0
67
23
40
0
1001
12
46
14
1
7
1001
109
34
82
7
2
39
1001
1001
33
62
1001
17
57
1001
1001
24
1001
0
203
6
112
1001
1001
38
12
21
39
3
7
34
11
16
24
23
1001
15
5
2
1001
63
17
6
1
10
6
23
16
9
6
1001
1
1001
11
2
1001
21
2
1001
177
25
1001
61
6
1001
1001
1001
28
28
19
1001
1001
28
21
36
1001
1001
9
2
4
1001
2
1
55
100
46
24
105
47
17
62
37
2
40
6
6
1
10
21
18
46
0
186
71
16
9
12
32
26
22
3
12
0
1001
1001
43
37
17
79
28
32
90
84
23
8
53
70
0
219
76
11
9
128
8
3
1
1001
5
1001
33
56
23
28
0
118
9
11
14
63
1001
105
7
40
64
1001
11
133
55
10
1001
4
41
14
30
54
34
35
12
1
24
42
14
39
50
3
58
62
22
12
5
1
18
15
1001
28
16
17
1001
29
1
12
2
11
36
103
17
6
66
1
10
17
41
31
14
0
225
1001
67
1001
9
29
2
7
9
71
18
1001
21
4
31
90
46
42
4
93
52
67
8
1001
1001
23
54
4
32
11
18
30
0
97
11
15
1001
29
8
14
2
43
4
1
0
1001
1001
3
21
8
2
9
38
8
66
55
1001
67
15
11
69
1001
8
46
18
4
1001
1001
1001
20
1001
0
235
116
0
1001
23
91
1
1001
1001
2
0
272
1001
76
22
1
78
1001
5
1001
1001
12
57
5
15
1001
23
8
18
28
48
1
8
1
11
1001
1001
7
25
9
1001
10
7
12
12
0
103
1001
1001
1001
47
45
63
15
11
25
6
3
1001
1001
12
44
11
1001
87
37
18
21
16
42
2
56
23
4
19
1001
1001
10
10
5
11
16
27
47
97
0
176
18
3
74
90
37
28
66
7
32
12
1
9
89
77
24
23
1001
6
24
2
44
12
1001
27
14
1001
64
27
34
41
41
62
8
26
1
0
1001
4
20
61
7
0
1001
32
30
9
1001
31
0
204
47
16
46
9
8
7
13
25
25
5
50
43
65
25
11
33
1001
11
104
71
50
17
22
1001
12
6
9
1
38
31
6
18
1001
24
51
69
24
9
44
11
7
2
1001
4
32
20
9
1
23
56
0
141
19
61
34
0
1001
58
1001
1001
44
10
51
48
14
6
1001
1001
1001
15
0
1001
1001
38
0
180
0
233
1001
1
15
6
8
1001
8
72
86
98
3
5
6
10
1001
1001
20
12
27
43
1001
0
342
136
1
9
1001
55
27
12
5
1001
21
19
34
10
31
1001
15
18
4
1001
16
55
37
34
14
71
22
25
56
1001
75
45
18
83
1001
51
2
1
10
5
43
1001
30
65
1001
100
13
28
23
2
8
13
10
17
0
79
103
0
92
1001
61
70
10
31
32
38
80
40
25
38
1001
13
1
60
21
3
1
6
28
28
31
4
30
15
1001
3
10
55
135
30
103
36
7
1001
1001
6
73
28
97
5
3
4
42
70
1001
9
1001
23
1001
23
22
1001
60
86
75
57
8
3
110
1001
32
1001
1001
9
17
16
1
0
147
14
17
1001
1001
83
5
2
41
5
52
1001
1001
48
28
87
0
1001
24
18
37
1
1001
44
6
14
5
3
26
19
12
22
28
1001
1001
1001
4
10
12
1001
1001
76
5
192
27
51
13
26
52
9
1001
1001
1001
1001
27
54
64
55
154
1001
4
28
9
29
32
8
8
14
12
0
105
1001
36
28
5
21
59
8
22
18
14
1001
1
1001
5
0
211
25
1001
7
75
14
0
270
3
0
130
9
27
1001
93
2
61
54
34
9
34
1001
0
1001
27
1001
69
54
1
1
18
1
9
40
1
20
1
1
4
38
1001
20
17
45
70
39
31
14
57
17
30
66
5
1001
70
90
51
8
0
1001
51
1001
5
34
23
10
3
60
9
7
6
54
0
385
50
44
2
6
0
1001
1001
4
1001
94
4
3
0
54
0
72
1001
13
0
1001
1001
1001
17
6
0
1001
6
167
1001
26
13
22
1001
3
69
40
37
2
1
8
41
14
37
12
1001
33
1001
33
1
3
38
1001
11
0
210
35
1001
5
18
33
36
33
11
19
1001
3
10
5
1001
1001
13
73
36
39
18
14
5
26
36
42
0
1001
59
28
74
22
10
8
1001
1001
8
24
26
15
83
1001
1001
1001
1001
94
1
1001
1001
34
65
1001
1001
7
1
34
1001
20
2
0
55
28
27
29
3
29
12
1001
14
7
90
36
73
29
1
1001
78
8
16
1001
1001
68
82
36
0
1001
59
20
4
20
10
1001
1001
1001
59
25
39
3
1001
1001
83
21
1001
135
7
21
16
6
0
131
45
30
0
1001
13
6
3
22
4
18
18
16
93
14
18
4
6
18
7
1001
37
5
89
8
46
8
11
86
14
71
66
12
17
19
3
1001
21
53
5
31
8
17
11
17
13
100
32
14
39
33
16
18
40
1
29
28
129
1001
3
25
15
11
22
27
1001
15
66
126
100
30
48
4
78
14
1001
1001
20
4
1001
22
10
9
33
1001
1001
10
1001
8
49
1001
5
12
28
62
0
200
1001
20
7
82
21
7
16
44
1001
1001
10
65
100
15
3
9
8
29
38
6
16
26
1001
26
22
17
1
7
44
1001
101
8
36
31
115
25
13
10
1
1001
1001
4
1001
126
0
1001
62
82
19
13
17
23
7
1001
165
40
1
15
51
57
6
25
44
12
63
1001
7
2
0
310
1
25
16
30
40
24
93
22
1001
27
32
16
4
9
25
18
1001
1
32
49
9
37
1001
1001
5
4
6
7
6
1
33
8
83
33
12
17
10
0
32
1001
11
3
1001
1001
1001
40
126
1
11
2
1001
1001
48
8
13
8
40
5
39
1
0
140
176
0
1001
2
10
1001
1001
33
10
33
1001
65
5
60
16
1001
88
2
27
12
17
124
47
22
32
1001
126
3
65
54
35
14
4
14
53
51
36
10
80
29
13
29
2
124
1001
39
1001
1001
19
17
0
124
9
27
1001
45
11
19
22
2
49
80
17
9
40
30
0
103
31
11
11
1001
56
19
20
1001
5
1001
8
167
99
32
44
38
18
25
1001
0
49
1001
1001
73
1001
1001
11
12
1001
1001
36
61
1001
1001
26
11
1001
1001
34
2
14
50
10
72
10
73
24
1001
1001
15
66
17
1001
88
0
243
35
0
1001
0
1001
0
350
15
111
1001
0
1001
1001
14
7
2
1001
4
77
33
0
1001
28
0
141
12
64
32
0
207
23
7
54
1001
2
11
10
37
9
4
1001
5
33
1
6
1
27
62
32
1001
84
17
51
7
29
2
15
13
10
16
3
7
1001
60
0
1001
8
1001
1001
19
14
104
7
1001
1001
13
4
17
50
18
19
1001
45
47
87
15
7
14
37
1001
0
1001
5
2
1001
1001
8
1001
43
3
26
5
57
10
6
76
1001
38
14
22
6
26
0
107
1001
1001
1001
90
16
57
24
1001
39
3
1001
22
1001
32
9
33
1001
2
43
7
0
186
0
275
11
1001
1001
1
19
0
50
7
1001
30
33
16
10
7
30
1001
17
14
1001
25
51
14
23
53
8
1001
25
4
13
85
41
69
0
301
63
13
7
1001
25
70
37
0
201
4
23
3
41
1001
1001
53
89
26
45
49
5
2
28
78
8
1
1001
93
0
450
26
60
30
1
68
1001
1001
4
1001
72
63
4
34
23
1001
1001
0
403
7
1001
0
273
11
1001
12
4
22
53
1001
92
35
4
18
21
89
3
4
1
21
1
130
111
13
1001
1
1001
1001
45
5
23
27
24
8
12
1001
57
113
5
8
10
46
1001
39
1001
40
12
3
15
46
3
104
52
43
1
1001
1001
71
1
1001
73
3
8
2
50
1
14
15
0
1001
12
69
16
35
32
18
103
13
19
1001
36
44
5
1
0
122
14
10
2
26
3
21
7
26
32
13
27
51
50
22
48
80
25
62
7
6
11
4
17
36
16
1001
1001
7
0
38
1001
30
7
68
17
1001
1001
50
11
3
3
1001
1001
2
2
1
3
1001
19
5
61
1001
4
50
0
1001
1001
52
13
1001
10
52
46
57
35
1
22
1001
2
1001
82
11
1001
5
43
70
112
14
2
7
39
23
11
2
2
39
1001
0
105
0
107
7
3
23
0
115
27
84
25
26
3
31
3
0
118
13
14
66
55
1
2
23
10
10
20
34
18
2
1001
1001
1001
10
1001
22
15
6
7
11
10
25
1001
97
8
8
41
63
54
45
7
1001
8
51
1001
18
8
130
1001
25
7
1001
28
55
1001
4
1
2
11
5
1001
17
1001
21
1
9
1001
140
23
44
2
13
2
1001
25
57
3
49
9
54
154
132
1001
12
61
1
1001
1001
27
9
34
26
13
13
35
0
111
1
1
5
8
2
2
1001
1001
1001
10
1001
1001
62
40
1
5
1001
1001
8
35
1001
42
1
34
65
11
8
9
53
18
46
14
89
37
4
1
20
14
82
60
114
0
1001
74
1001
5
1001
36
35
19
12
1001
0
231
1001
4
14
19
34
1001
49
0
214
6
66
39
82
7
16
20
92
1001
1001
82
34
58
38
1001
16
118
72
1001
13
38
28
18
11
42
10
2
5
43
17
25
2
53
28
10
1001
1001
26
27
6
29
60
1001
29
92
67
180
85
45
35
3
23
1001
6
41
62
33
19
5
0
107
1001
1001
33
87
1001
53
8
3
1001
7
9
13
2
1001
1
44
18
1
29
11
11
1001
21
6
46
7
1001
10
7
0
305
8
60
1001
11
101
29
60
8
42
54
32
1001
40
5
20
10
13
2
109
105
3
1001
0
1001
1001
46
19
19
0
1001
75
133
44
7
1001
1001
14
41
26
46
7
1001
1001
5
95
22
8
40
20
1001
1
3
1001
1001
63
16
49
1
19
0
99
1
51
21
1001
1001
1001
26
10
10
14
0
1001
1
23
33
20
25
1001
66
5
48
37
5
5
78
1001
1001
75
7
33
37
53
24
115
1
8
41
11
1001
0
414
1001
16
0
145
26
1001
111
17
4
23
1001
8
22
45
2
12
35
78
30
0
204
0
212
48
7
8
1001
1
17
85
0
1001
75
1001
2
8
90
6
1001
42
7
3
1001
4
56
1001
21
1001
72
34
1001
27
35
60
9
25
6
1
1001
85
64
1001
1001
15
30
84
98
8
0
39
1001
2
8
45
2
53
43
9
10
1001
5
6
1001
34
57
43
199
1
26
9
34
1001
43
11
26
23
9
5
52
51
33
5
1001
1001
1001
1
19
10
1
6
39
129
70
3
31
1001
89
7
9
18
0
96
44
3
23
33
1001
5
23
7
1001
15
6
24
40
4
1001
8
42
32
21
41
1001
12
1001
14
1001
27
86
10
11
1001
47
9
6
42
81
25
7
36
44
5
1001
1001
56
1
1001
14
1001
6
13
49
3
3
5
6
46
37
9
2
39
42
22
15
1001
27
1001
61
24
29
1001
1001
1001
1001
35
6
7
18
94
32
19
2
0
55
29
28
29
3
31
17
1001
98
39
25
9
2
25
55
22
18
0
1001
40
67
1001
96
3
1
47
19
63
35
4
38
1001
51
28
1001
4
1001
1
84
2
9
84
4
18
49
2
0
239
1001
42
1
11
36
43
14
39
1001
1001
35
78
41
5
65
44
26
12
1001
42
23
15
1001
2
21
2
9
9
1001
27
14
42
28
14
57
9
9
8
21
38
17
1001
1001
60
31
7
1001
45
8
31
1
0
418
55
1001
1001
35
41
34
7
33
1001
1001
27
34
66
17
11
43
8
1001
45
0
1001
4
27
77
33
2
20
2
69
14
35
64
1
1001
1001
1001
89
34
89
3
1001
16
1001
12
1001
1001
5
1001
8
6
1001
25
12
1001
31
1001
6
49
30
12
1
12
1001
1001
1001
17
106
2
8
1001
17
22
31
33
52
3
1001
0
158
49
1001
1001
1001
2
8
3
1001
69
0
127
41
12
59
11
20
10
3
1001
194
79
18
0
1001
43
33
6
9
10
2
31
7
1001
0
1001
16
20
6
1001
27
58
1001
74
1001
71
12
37
82
1001
41
55
19
1001
47
49
25
14
1001
17
9
15
0
265
1001
75
70
6
25
29
8
30
89
1001
30
33
2
0
1001
88
79
1001
1001
1
38
3
52
57
1
1001
56
51
19
0
94
19
1001
38
11
31
3
1001
1001
24
0
180
52
2
5
1001
1001
1001
6
14
1001
1001
11
7
36
0
1001
1
185
39
30
67
85
11
28
33
6
12
23
1001
66
2
89
2
13
1001
63
22
3
10
0
1001
11
1001
1001
11
5
0
200
20
1
59
1001
11
8
64
0
1001
2
11
1
1001
63
17
1
1001
1001
92
1001
8
2
1001
161
64
27
36
22
10
0
1001
93
59
69
120
16
1001
8
12
42
83
28
8
26
15
11
89
8
3
70
1001
43
22
49
1001
50
7
1001
0
214
63
102
17
0
1001
37
17
3
40
0
245
52
23
2
6
1001
1
20
1001
26
15
26
1001
3
3
8
3
1001
21
1001
1001
19
57
1001
17
50
47
13
1001
1001
6
23
4
18
10
4
24
1001
37
15
40
1001
11
4
120
30
54
1001
10
13
107
6
187
71
100
15
30
133
1001
15
16
1001
0
403
74
8
46
31
15
52
6
1001
88
24
1
67
0
233
15
49
5
23
50
1
1001
22
5
2
41
7
45
52
36
5
19
0
213
25
1001
26
9
4
104
1001
24
10
6
12
0
1001
11
5
4
6
9
20
1001
10
72
24
19
14
1001
90
36
49
53
1001
21
1001
1001
59
67
49
18
49
48
15
18
3
26
1001
117
2
12
2
1
1001
9
16
15
11
0
1001
26
80
0
1001
38
1001
0
457
10
4
1001
6
41
101
1
2
47
1
24
6
42
24
7
0
1001
43
51
84
8
24
1001
3
1001
63
28
9
14
11
14
